---------------------------------
|   | 4 | 4 | 4 | 4 | 4 | 4 |   |
| 0 |-----------------------| 0 |
|   | 4 | 4 | 4 | 4 | 4 | 4 |   |
---------------------------------

Player 1's turn
---------------------------------
|   | 0 | 4 | 4 | 4 | 4 | 4 |   |
| 0 |-----------------------| 0 |
|   | 5 | 5 | 5 | 5 | 4 | 4 |   |
---------------------------------

Player 2's turn
---------------------------------
|   | 0 | 4 | 4 | 5 | 5 | 5 |   |
| 0 |-----------------------| 0 |
|   | 5 | 5 | 5 | 0 | 5 | 5 |   |
---------------------------------

Player 1's turn
---------------------------------
|   | 0 | 5 | 5 | 6 | 6 | 0 |   |
| 0 |-----------------------| 6 |
|   | 0 | 5 | 5 | 0 | 5 | 5 |   |
---------------------------------

Player 2's turn
---------------------------------
|   | 0 | 5 | 5 | 6 | 6 | 0 |   |
| 7 |-----------------------| 6 |
|   | 0 | 0 | 6 | 1 | 6 | 0 |   |
---------------------------------

Player 1's turn
---------------------------------
|   | 1 | 0 | 6 | 7 | 0 | 0 |   |
| 7 |-----------------------| 13 |
|   | 1 | 0 | 6 | 1 | 6 | 0 |   |
---------------------------------

Player 2's turn
---------------------------------
|   | 1 | 0 | 6 | 7 | 0 | 0 |   |
| 7 |-----------------------| 13 |
|   | 0 | 1 | 6 | 1 | 6 | 0 |   |
---------------------------------

Player 1's turn
---------------------------------
|   | 0 | 0 | 6 | 7 | 0 | 0 |   |
| 7 |-----------------------| 13 |
|   | 1 | 1 | 6 | 1 | 6 | 0 |   |
---------------------------------

Player 2's turn
---------------------------------
|   | 0 | 0 | 7 | 8 | 1 | 1 |   |
| 9 |-----------------------| 13 |
|   | 1 | 0 | 6 | 1 | 0 | 1 |   |
---------------------------------

Player 1's turn
---------------------------------
|   | 1 | 1 | 8 | 0 | 0 | 1 |   |
| 9 |-----------------------| 15 |
|   | 2 | 1 | 7 | 2 | 0 | 1 |   |
---------------------------------

Player 2's turn
---------------------------------
|   | 1 | 1 | 8 | 0 | 0 | 1 |   |
| 9 |-----------------------| 15 |
|   | 2 | 1 | 7 | 0 | 1 | 2 |   |
---------------------------------

Player 1's turn
---------------------------------
|   | 1 | 1 | 8 | 0 | 0 | 0 |   |
| 9 |-----------------------| 17 |
|   | 2 | 1 | 7 | 0 | 0 | 2 |   |
---------------------------------

Player 2's turn
---------------------------------
|   | 1 | 1 | 8 | 0 | 0 | 0 |   |
| 9 |-----------------------| 17 |
|   | 2 | 0 | 8 | 0 | 0 | 2 |   |
---------------------------------

Player 1's turn
---------------------------------
|   | 0 | 1 | 8 | 0 | 0 | 0 |   |
| 9 |-----------------------| 17 |
|   | 3 | 0 | 8 | 0 | 0 | 2 |   |
---------------------------------

Player 2's turn
---------------------------------
|   | 0 | 1 | 8 | 0 | 1 | 1 |   |
| 9 |-----------------------| 17 |
|   | 3 | 0 | 8 | 0 | 0 | 0 |   |
---------------------------------

Player 1's turn
---------------------------------
|   | 0 | 0 | 8 | 0 | 1 | 1 |   |
| 9 |-----------------------| 21 |
|   | 0 | 0 | 8 | 0 | 0 | 0 |   |
---------------------------------

Player 2's turn
---------------------------------
|   | 0 | 1 | 9 | 1 | 2 | 2 |   |
| 9 |-----------------------| 21 |
|   | 0 | 0 | 0 | 1 | 1 | 1 |   |
---------------------------------

Player 1's turn
---------------------------------
|   | 1 | 2 | 0 | 1 | 2 | 2 |   |
| 9 |-----------------------| 22 |
|   | 1 | 1 | 1 | 2 | 2 | 2 |   |
---------------------------------

Player 1's turn
---------------------------------
|   | 1 | 2 | 0 | 2 | 0 | 2 |   |
| 9 |-----------------------| 24 |
|   | 1 | 1 | 0 | 2 | 2 | 2 |   |
---------------------------------

Player 2's turn
---------------------------------
|   | 1 | 2 | 0 | 2 | 0 | 3 |   |
| 12 |-----------------------| 24 |
|   | 1 | 1 | 0 | 2 | 0 | 0 |   |
---------------------------------

Player 1's turn
---------------------------------
|   | 1 | 2 | 1 | 3 | 1 | 0 |   |
| 12 |-----------------------| 24 |
|   | 1 | 1 | 0 | 2 | 0 | 0 |   |
---------------------------------

Player 2's turn
---------------------------------
|   | 1 | 2 | 0 | 3 | 1 | 0 |   |
| 14 |-----------------------| 24 |
|   | 1 | 0 | 0 | 2 | 0 | 0 |   |
---------------------------------

Player 1's turn
---------------------------------
|   | 1 | 2 | 0 | 4 | 0 | 0 |   |
| 14 |-----------------------| 24 |
|   | 1 | 0 | 0 | 2 | 0 | 0 |   |
---------------------------------

Player 2's turn
---------------------------------
|   | 1 | 0 | 0 | 4 | 0 | 0 |   |
| 17 |-----------------------| 24 |
|   | 0 | 0 | 0 | 2 | 0 | 0 |   |
---------------------------------

Player 1's turn
---------------------------------
|   | 0 | 1 | 1 | 0 | 0 | 0 |   |
| 17 |-----------------------| 27 |
|   | 0 | 0 | 0 | 2 | 0 | 0 |   |
---------------------------------

Player 2's turn
---------------------------------
|   | 0 | 1 | 1 | 0 | 0 | 0 |   |
| 17 |-----------------------| 27 |
|   | 0 | 0 | 0 | 0 | 1 | 1 |   |
---------------------------------

Player 1's turn
---------------------------------
|   | 0 | 2 | 0 | 0 | 0 | 0 |   |
| 17 |-----------------------| 27 |
|   | 0 | 0 | 0 | 0 | 1 | 1 |   |
---------------------------------

Player 2's turn
---------------------------------
|   | 0 | 2 | 0 | 0 | 0 | 0 |   |
| 17 |-----------------------| 27 |
|   | 0 | 0 | 0 | 0 | 0 | 2 |   |
---------------------------------

Player 1's turn
---------------------------------
|   | 0 | 0 | 0 | 0 | 0 | 0 |   |
| 17 |-----------------------| 29 |
|   | 0 | 0 | 0 | 0 | 0 | 2 |   |
---------------------------------

---------------------------------
|   | 4 | 4 | 4 | 4 | 4 | 4 |   |
| 0 |-----------------------| 0 |
|   | 4 | 4 | 4 | 4 | 4 | 4 |   |
---------------------------------

Player 1's turn
---------------------------------
|   | 0 | 4 | 4 | 4 | 4 | 4 |   |
| 0 |-----------------------| 0 |
|   | 5 | 5 | 5 | 5 | 4 | 4 |   |
---------------------------------

Player 2's turn
---------------------------------
|   | 0 | 4 | 4 | 5 | 5 | 5 |   |
| 0 |-----------------------| 0 |
|   | 5 | 5 | 5 | 5 | 0 | 5 |   |
---------------------------------

Player 1's turn
---------------------------------
|   | 0 | 5 | 5 | 6 | 6 | 0 |   |
| 0 |-----------------------| 6 |
|   | 0 | 5 | 5 | 5 | 0 | 5 |   |
---------------------------------

Player 2's turn
---------------------------------
|   | 0 | 5 | 5 | 6 | 6 | 0 |   |
| 7 |-----------------------| 6 |
|   | 0 | 0 | 6 | 6 | 1 | 0 |   |
---------------------------------

Player 1's turn
---------------------------------
|   | 1 | 0 | 6 | 7 | 0 | 0 |   |
| 7 |-----------------------| 13 |
|   | 1 | 0 | 6 | 6 | 1 | 0 |   |
---------------------------------

Player 2's turn
---------------------------------
|   | 1 | 0 | 7 | 8 | 1 | 1 |   |
| 7 |-----------------------| 13 |
|   | 1 | 0 | 6 | 0 | 2 | 1 |   |
---------------------------------

Player 1's turn
---------------------------------
|   | 1 | 0 | 7 | 8 | 2 | 0 |   |
| 7 |-----------------------| 13 |
|   | 1 | 0 | 6 | 0 | 2 | 1 |   |
---------------------------------

Player 2's turn
---------------------------------
|   | 1 | 0 | 7 | 8 | 2 | 0 |   |
| 10 |-----------------------| 13 |
|   | 1 | 0 | 6 | 0 | 0 | 0 |   |
---------------------------------

Player 1's turn
---------------------------------
|   | 2 | 1 | 8 | 0 | 0 | 0 |   |
| 10 |-----------------------| 16 |
|   | 2 | 1 | 7 | 1 | 0 | 0 |   |
---------------------------------

Player 2's turn
---------------------------------
|   | 2 | 1 | 8 | 0 | 0 | 0 |   |
| 10 |-----------------------| 16 |
|   | 2 | 1 | 7 | 0 | 1 | 0 |   |
---------------------------------

Player 1's turn
---------------------------------
|   | 0 | 1 | 8 | 0 | 0 | 0 |   |
| 10 |-----------------------| 16 |
|   | 3 | 2 | 7 | 0 | 1 | 0 |   |
---------------------------------

Player 2's turn
---------------------------------
|   | 0 | 1 | 9 | 1 | 1 | 1 |   |
| 10 |-----------------------| 16 |
|   | 3 | 2 | 0 | 1 | 2 | 1 |   |
---------------------------------

Player 1's turn
---------------------------------
|   | 0 | 0 | 9 | 1 | 1 | 1 |   |
| 10 |-----------------------| 20 |
|   | 0 | 2 | 0 | 1 | 2 | 1 |   |
---------------------------------

Player 2's turn
---------------------------------
|   | 0 | 0 | 9 | 1 | 1 | 1 |   |
| 10 |-----------------------| 20 |
|   | 0 | 2 | 0 | 0 | 3 | 1 |   |
---------------------------------

Player 1's turn
---------------------------------
|   | 1 | 1 | 0 | 1 | 1 | 1 |   |
| 10 |-----------------------| 21 |
|   | 1 | 3 | 1 | 1 | 4 | 2 |   |
---------------------------------

Player 1's turn
---------------------------------
|   | 1 | 1 | 0 | 0 | 1 | 1 |   |
| 10 |-----------------------| 23 |
|   | 1 | 3 | 0 | 1 | 4 | 2 |   |
---------------------------------

Player 2's turn
---------------------------------
|   | 1 | 1 | 0 | 0 | 2 | 2 |   |
| 12 |-----------------------| 23 |
|   | 1 | 3 | 0 | 0 | 0 | 3 |   |
---------------------------------

Player 1's turn
---------------------------------
|   | 0 | 1 | 0 | 0 | 2 | 2 |   |
| 12 |-----------------------| 23 |
|   | 2 | 3 | 0 | 0 | 0 | 3 |   |
---------------------------------

Player 2's turn
---------------------------------
|   | 0 | 1 | 0 | 0 | 0 | 2 |   |
| 15 |-----------------------| 23 |
|   | 2 | 0 | 1 | 1 | 0 | 3 |   |
---------------------------------

Player 1's turn
---------------------------------
|   | 0 | 0 | 0 | 0 | 0 | 2 |   |
| 15 |-----------------------| 26 |
|   | 0 | 0 | 1 | 1 | 0 | 3 |   |
---------------------------------

Player 2's turn
---------------------------------
|   | 0 | 0 | 0 | 0 | 1 | 3 |   |
| 17 |-----------------------| 26 |
|   | 0 | 0 | 1 | 0 | 0 | 0 |   |
---------------------------------

Player 1's turn
---------------------------------
|   | 0 | 0 | 0 | 1 | 2 | 0 |   |
| 17 |-----------------------| 28 |
|   | 0 | 0 | 0 | 0 | 0 | 0 |   |
---------------------------------

---------------------------------
|   | 4 | 4 | 4 | 4 | 4 | 4 |   |
| 0 |-----------------------| 0 |
|   | 4 | 4 | 4 | 4 | 4 | 4 |   |
---------------------------------

Player 1's turn
---------------------------------
|   | 4 | 5 | 5 | 5 | 5 | 0 |   |
| 0 |-----------------------| 0 |
|   | 4 | 4 | 4 | 4 | 4 | 4 |   |
---------------------------------

Player 2's turn
---------------------------------
|   | 4 | 5 | 5 | 5 | 5 | 0 |   |
| 6 |-----------------------| 0 |
|   | 4 | 4 | 0 | 5 | 5 | 0 |   |
---------------------------------

Player 1's turn
---------------------------------
|   | 0 | 5 | 5 | 5 | 5 | 0 |   |
| 6 |-----------------------| 0 |
|   | 5 | 5 | 1 | 6 | 5 | 0 |   |
---------------------------------

Player 2's turn
---------------------------------
|   | 0 | 5 | 5 | 5 | 5 | 0 |   |
| 8 |-----------------------| 0 |
|   | 5 | 0 | 2 | 7 | 6 | 0 |   |
---------------------------------

Player 1's turn
---------------------------------
|   | 1 | 0 | 6 | 0 | 5 | 0 |   |
| 8 |-----------------------| 7 |
|   | 6 | 0 | 2 | 7 | 6 | 0 |   |
---------------------------------

Player 2's turn
---------------------------------
|   | 1 | 0 | 6 | 0 | 5 | 0 |   |
| 10 |-----------------------| 7 |
|   | 0 | 1 | 3 | 8 | 7 | 0 |   |
---------------------------------

Player 1's turn
---------------------------------
|   | 0 | 1 | 7 | 1 | 0 | 0 |   |
| 10 |-----------------------| 10 |
|   | 0 | 1 | 3 | 8 | 7 | 0 |   |
---------------------------------

Player 2's turn
---------------------------------
|   | 0 | 1 | 7 | 1 | 0 | 0 |   |
| 10 |-----------------------| 10 |
|   | 0 | 1 | 0 | 9 | 8 | 1 |   |
---------------------------------

Player 1's turn
---------------------------------
|   | 1 | 2 | 0 | 1 | 0 | 0 |   |
| 10 |-----------------------| 10 |
|   | 1 | 2 | 1 | 10 | 9 | 1 |   |
---------------------------------

Player 2's turn
---------------------------------
|   | 2 | 3 | 1 | 2 | 1 | 1 |   |
| 11 |-----------------------| 10 |
|   | 2 | 2 | 1 | 0 | 10 | 2 |   |
---------------------------------

Player 1's turn
---------------------------------
|   | 2 | 3 | 1 | 2 | 2 | 0 |   |
| 11 |-----------------------| 10 |
|   | 2 | 2 | 1 | 0 | 10 | 2 |   |
---------------------------------

Player 2's turn
---------------------------------
|   | 2 | 3 | 1 | 0 | 2 | 0 |   |
| 14 |-----------------------| 10 |
|   | 2 | 0 | 2 | 0 | 10 | 2 |   |
---------------------------------

Player 1's turn
---------------------------------
|   | 0 | 0 | 1 | 0 | 2 | 0 |   |
| 14 |-----------------------| 14 |
|   | 3 | 0 | 2 | 0 | 10 | 2 |   |
---------------------------------

Player 2's turn
---------------------------------
|   | 1 | 0 | 2 | 1 | 3 | 1 |   |
| 17 |-----------------------| 14 |
|   | 4 | 0 | 2 | 0 | 0 | 3 |   |
---------------------------------

Player 1's turn
---------------------------------
|   | 1 | 1 | 3 | 2 | 0 | 1 |   |
| 17 |-----------------------| 14 |
|   | 4 | 0 | 2 | 0 | 0 | 3 |   |
---------------------------------

Player 2's turn
---------------------------------
|   | 1 | 1 | 3 | 3 | 1 | 2 |   |
| 17 |-----------------------| 14 |
|   | 4 | 0 | 2 | 0 | 0 | 0 |   |
---------------------------------

Player 1's turn
---------------------------------
|   | 2 | 2 | 0 | 3 | 1 | 2 |   |
| 17 |-----------------------| 14 |
|   | 5 | 0 | 2 | 0 | 0 | 0 |   |
---------------------------------

Player 2's turn
---------------------------------
|   | 2 | 2 | 0 | 3 | 1 | 0 |   |
| 20 |-----------------------| 14 |
|   | 0 | 1 | 3 | 1 | 1 | 0 |   |
---------------------------------

Player 1's turn
---------------------------------
|   | 0 | 0 | 0 | 3 | 1 | 0 |   |
| 20 |-----------------------| 18 |
|   | 0 | 1 | 3 | 1 | 1 | 0 |   |
---------------------------------

Player 2's turn
---------------------------------
|   | 0 | 0 | 0 | 3 | 1 | 0 |   |
| 20 |-----------------------| 18 |
|   | 0 | 1 | 3 | 1 | 0 | 1 |   |
---------------------------------

Player 1's turn
---------------------------------
|   | 0 | 0 | 0 | 4 | 0 | 0 |   |
| 20 |-----------------------| 18 |
|   | 0 | 1 | 3 | 1 | 0 | 1 |   |
---------------------------------

Player 2's turn
---------------------------------
|   | 0 | 0 | 0 | 4 | 0 | 0 |   |
| 20 |-----------------------| 18 |
|   | 0 | 1 | 0 | 2 | 1 | 2 |   |
---------------------------------

Player 1's turn
---------------------------------
|   | 0 | 1 | 1 | 0 | 0 | 0 |   |
| 20 |-----------------------| 20 |
|   | 0 | 1 | 0 | 2 | 1 | 2 |   |
---------------------------------

Player 2's turn
---------------------------------
|   | 0 | 1 | 0 | 0 | 0 | 0 |   |
| 22 |-----------------------| 20 |
|   | 0 | 0 | 0 | 2 | 1 | 2 |   |
---------------------------------

Player 1's turn
---------------------------------
|   | 1 | 0 | 0 | 0 | 0 | 0 |   |
| 22 |-----------------------| 20 |
|   | 0 | 0 | 0 | 2 | 1 | 2 |   |
---------------------------------

Player 2's turn
---------------------------------
|   | 1 | 0 | 0 | 0 | 0 | 1 |   |
| 24 |-----------------------| 20 |
|   | 0 | 0 | 0 | 2 | 0 | 0 |   |
---------------------------------

Player 1's turn
---------------------------------
|   | 1 | 0 | 0 | 0 | 1 | 0 |   |
| 24 |-----------------------| 20 |
|   | 0 | 0 | 0 | 2 | 0 | 0 |   |
---------------------------------

Player 2's turn
---------------------------------
|   | 1 | 0 | 0 | 0 | 1 | 0 |   |
| 24 |-----------------------| 20 |
|   | 0 | 0 | 0 | 0 | 1 | 1 |   |
---------------------------------

Player 1's turn
---------------------------------
|   | 0 | 0 | 0 | 0 | 1 | 0 |   |
| 24 |-----------------------| 20 |
|   | 1 | 0 | 0 | 0 | 1 | 1 |   |
---------------------------------

Player 2's turn
---------------------------------
|   | 0 | 0 | 0 | 0 | 1 | 1 |   |
| 24 |-----------------------| 20 |
|   | 1 | 0 | 0 | 0 | 1 | 0 |   |
---------------------------------

Player 1's turn
---------------------------------
|   | 0 | 0 | 0 | 0 | 2 | 0 |   |
| 24 |-----------------------| 20 |
|   | 1 | 0 | 0 | 0 | 1 | 0 |   |
---------------------------------

Player 2's turn
---------------------------------
|   | 0 | 0 | 0 | 0 | 2 | 0 |   |
| 24 |-----------------------| 20 |
|   | 0 | 1 | 0 | 0 | 1 | 0 |   |
---------------------------------

Player 1's turn
---------------------------------
|   | 0 | 0 | 1 | 1 | 0 | 0 |   |
| 24 |-----------------------| 20 |
|   | 0 | 1 | 0 | 0 | 1 | 0 |   |
---------------------------------

Player 2's turn
---------------------------------
|   | 0 | 0 | 0 | 1 | 0 | 0 |   |
| 26 |-----------------------| 20 |
|   | 0 | 0 | 0 | 0 | 1 | 0 |   |
---------------------------------

Player 1's turn
---------------------------------
|   | 0 | 0 | 1 | 0 | 0 | 0 |   |
| 26 |-----------------------| 20 |
|   | 0 | 0 | 0 | 0 | 1 | 0 |   |
---------------------------------

Player 2's turn
---------------------------------
|   | 0 | 0 | 1 | 0 | 0 | 0 |   |
| 26 |-----------------------| 20 |
|   | 0 | 0 | 0 | 0 | 0 | 1 |   |
---------------------------------

Player 1's turn
---------------------------------
|   | 0 | 1 | 0 | 0 | 0 | 0 |   |
| 26 |-----------------------| 20 |
|   | 0 | 0 | 0 | 0 | 0 | 1 |   |
---------------------------------

Player 2's turn
---------------------------------
|   | 0 | 1 | 0 | 0 | 0 | 1 |   |
| 26 |-----------------------| 20 |
|   | 0 | 0 | 0 | 0 | 0 | 0 |   |
---------------------------------

---------------------------------
|   | 4 | 4 | 4 | 4 | 4 | 4 |   |
| 0 |-----------------------| 0 |
|   | 4 | 4 | 4 | 4 | 4 | 4 |   |
---------------------------------

Player 1's turn
---------------------------------
|   | 4 | 5 | 5 | 5 | 5 | 0 |   |
| 0 |-----------------------| 0 |
|   | 4 | 4 | 4 | 4 | 4 | 4 |   |
---------------------------------

Player 2's turn
---------------------------------
|   | 4 | 5 | 5 | 5 | 5 | 0 |   |
| 6 |-----------------------| 0 |
|   | 4 | 4 | 0 | 5 | 5 | 0 |   |
---------------------------------

Player 1's turn
---------------------------------
|   | 0 | 5 | 5 | 5 | 5 | 0 |   |
| 6 |-----------------------| 0 |
|   | 5 | 5 | 1 | 6 | 5 | 0 |   |
---------------------------------

Player 2's turn
---------------------------------
|   | 0 | 5 | 5 | 5 | 5 | 0 |   |
| 8 |-----------------------| 0 |
|   | 5 | 0 | 2 | 7 | 6 | 0 |   |
---------------------------------

Player 1's turn
---------------------------------
|   | 1 | 0 | 6 | 0 | 5 | 0 |   |
| 8 |-----------------------| 7 |
|   | 6 | 0 | 2 | 7 | 6 | 0 |   |
---------------------------------

Player 2's turn
---------------------------------
|   | 1 | 0 | 6 | 0 | 5 | 0 |   |
| 10 |-----------------------| 7 |
|   | 0 | 1 | 3 | 8 | 7 | 0 |   |
---------------------------------

Player 1's turn
---------------------------------
|   | 0 | 1 | 7 | 1 | 0 | 0 |   |
| 10 |-----------------------| 10 |
|   | 0 | 1 | 3 | 8 | 7 | 0 |   |
---------------------------------

Player 2's turn
---------------------------------
|   | 1 | 2 | 8 | 2 | 1 | 1 |   |
| 10 |-----------------------| 10 |
|   | 0 | 1 | 3 | 0 | 8 | 1 |   |
---------------------------------

Player 1's turn
---------------------------------
|   | 0 | 0 | 8 | 2 | 1 | 1 |   |
| 10 |-----------------------| 13 |
|   | 0 | 1 | 3 | 0 | 8 | 1 |   |
---------------------------------

Player 2's turn
---------------------------------
|   | 1 | 1 | 9 | 3 | 2 | 2 |   |
| 11 |-----------------------| 13 |
|   | 0 | 1 | 3 | 0 | 0 | 2 |   |
---------------------------------

Player 2's turn
---------------------------------
|   | 1 | 1 | 9 | 3 | 2 | 2 |   |
| 11 |-----------------------| 13 |
|   | 0 | 1 | 0 | 1 | 1 | 3 |   |
---------------------------------

Player 1's turn
---------------------------------
|   | 2 | 2 | 0 | 3 | 2 | 2 |   |
| 11 |-----------------------| 14 |
|   | 1 | 2 | 1 | 2 | 2 | 4 |   |
---------------------------------

Player 1's turn
---------------------------------
|   | 2 | 2 | 0 | 4 | 0 | 2 |   |
| 11 |-----------------------| 16 |
|   | 1 | 2 | 0 | 2 | 2 | 4 |   |
---------------------------------

Player 2's turn
---------------------------------
|   | 2 | 2 | 0 | 4 | 0 | 3 |   |
| 11 |-----------------------| 16 |
|   | 1 | 2 | 0 | 2 | 0 | 5 |   |
---------------------------------

Player 1's turn
---------------------------------
|   | 0 | 2 | 0 | 4 | 0 | 3 |   |
| 11 |-----------------------| 16 |
|   | 2 | 3 | 0 | 2 | 0 | 5 |   |
---------------------------------

Player 2's turn
---------------------------------
|   | 0 | 3 | 1 | 5 | 1 | 4 |   |
| 11 |-----------------------| 16 |
|   | 2 | 3 | 0 | 2 | 0 | 0 |   |
---------------------------------

Player 1's turn
---------------------------------
|   | 0 | 3 | 1 | 6 | 0 | 4 |   |
| 11 |-----------------------| 16 |
|   | 2 | 3 | 0 | 2 | 0 | 0 |   |
---------------------------------

Player 2's turn
---------------------------------
|   | 0 | 3 | 1 | 6 | 0 | 0 |   |
| 16 |-----------------------| 16 |
|   | 2 | 3 | 0 | 0 | 1 | 0 |   |
---------------------------------

Player 1's turn
---------------------------------
|   | 1 | 4 | 0 | 0 | 0 | 0 |   |
| 16 |-----------------------| 19 |
|   | 3 | 4 | 0 | 0 | 1 | 0 |   |
---------------------------------

Player 2's turn
---------------------------------
|   | 1 | 4 | 0 | 0 | 0 | 0 |   |
| 16 |-----------------------| 19 |
|   | 3 | 0 | 1 | 1 | 2 | 1 |   |
---------------------------------

Player 1's turn
---------------------------------
|   | 2 | 0 | 0 | 0 | 0 | 0 |   |
| 16 |-----------------------| 19 |
|   | 4 | 1 | 2 | 1 | 2 | 1 |   |
---------------------------------

Player 2's turn
---------------------------------
|   | 2 | 0 | 0 | 0 | 0 | 0 |   |
| 19 |-----------------------| 19 |
|   | 4 | 1 | 2 | 1 | 0 | 0 |   |
---------------------------------

Player 1's turn
---------------------------------
|   | 0 | 0 | 0 | 0 | 0 | 0 |   |
| 19 |-----------------------| 19 |
|   | 5 | 2 | 2 | 1 | 0 | 0 |   |
---------------------------------

---------------------------------
|   | 4 | 4 | 4 | 4 | 4 | 4 |   |
| 0 |-----------------------| 0 |
|   | 4 | 4 | 4 | 4 | 4 | 4 |   |
---------------------------------

Player 1's turn
---------------------------------
|   | 5 | 5 | 5 | 5 | 0 | 4 |   |
| 0 |-----------------------| 0 |
|   | 4 | 4 | 4 | 4 | 4 | 4 |   |
---------------------------------

Player 2's turn
---------------------------------
|   | 5 | 5 | 5 | 5 | 0 | 5 |   |
| 6 |-----------------------| 0 |
|   | 4 | 4 | 4 | 0 | 0 | 5 |   |
---------------------------------

Player 1's turn
---------------------------------
|   | 6 | 0 | 5 | 0 | 0 | 5 |   |
| 6 |-----------------------| 6 |
|   | 5 | 5 | 5 | 0 | 0 | 5 |   |
---------------------------------

Player 2's turn
---------------------------------
|   | 6 | 0 | 6 | 1 | 1 | 6 |   |
| 12 |-----------------------| 6 |
|   | 5 | 0 | 5 | 0 | 0 | 0 |   |
---------------------------------

Player 1's turn
---------------------------------
|   | 0 | 0 | 6 | 1 | 1 | 0 |   |
| 12 |-----------------------| 13 |
|   | 6 | 1 | 6 | 1 | 1 | 0 |   |
---------------------------------

Player 2's turn
---------------------------------
|   | 0 | 0 | 6 | 1 | 1 | 0 |   |
| 14 |-----------------------| 13 |
|   | 0 | 2 | 7 | 2 | 2 | 0 |   |
---------------------------------

Player 1's turn
---------------------------------
|   | 0 | 0 | 7 | 0 | 1 | 0 |   |
| 14 |-----------------------| 13 |
|   | 0 | 2 | 7 | 2 | 2 | 0 |   |
---------------------------------

Player 2's turn
---------------------------------
|   | 0 | 0 | 7 | 0 | 1 | 0 |   |
| 16 |-----------------------| 13 |
|   | 0 | 2 | 7 | 2 | 0 | 0 |   |
---------------------------------

Player 1's turn
---------------------------------
|   | 0 | 0 | 7 | 0 | 0 | 0 |   |
| 16 |-----------------------| 16 |
|   | 0 | 2 | 7 | 0 | 0 | 0 |   |
---------------------------------

Player 2's turn
---------------------------------
|   | 0 | 0 | 7 | 0 | 0 | 0 |   |
| 16 |-----------------------| 16 |
|   | 0 | 0 | 8 | 1 | 0 | 0 |   |
---------------------------------

Player 1's turn
---------------------------------
|   | 1 | 1 | 0 | 0 | 0 | 0 |   |
| 16 |-----------------------| 16 |
|   | 1 | 1 | 9 | 2 | 1 | 0 |   |
---------------------------------

Player 2's turn
---------------------------------
|   | 1 | 1 | 0 | 0 | 0 | 0 |   |
| 16 |-----------------------| 16 |
|   | 1 | 0 | 10 | 2 | 1 | 0 |   |
---------------------------------

Player 1's turn
---------------------------------
|   | 0 | 1 | 0 | 0 | 0 | 0 |   |
| 16 |-----------------------| 16 |
|   | 2 | 0 | 10 | 2 | 1 | 0 |   |
---------------------------------

Player 2's turn
---------------------------------
|   | 1 | 2 | 1 | 1 | 1 | 1 |   |
| 17 |-----------------------| 16 |
|   | 2 | 0 | 0 | 3 | 2 | 1 |   |
---------------------------------

Player 2's turn
---------------------------------
|   | 1 | 2 | 0 | 1 | 1 | 1 |   |
| 19 |-----------------------| 16 |
|   | 0 | 1 | 0 | 3 | 2 | 1 |   |
---------------------------------

Player 1's turn
---------------------------------
|   | 0 | 0 | 0 | 1 | 1 | 1 |   |
| 19 |-----------------------| 19 |
|   | 0 | 1 | 0 | 3 | 2 | 1 |   |
---------------------------------

Player 2's turn
---------------------------------
|   | 0 | 0 | 0 | 1 | 1 | 2 |   |
| 19 |-----------------------| 19 |
|   | 0 | 1 | 0 | 3 | 2 | 0 |   |
---------------------------------

Player 1's turn
---------------------------------
|   | 0 | 0 | 1 | 0 | 1 | 2 |   |
| 19 |-----------------------| 19 |
|   | 0 | 1 | 0 | 3 | 2 | 0 |   |
---------------------------------

Player 2's turn
---------------------------------
|   | 0 | 0 | 0 | 0 | 1 | 2 |   |
| 21 |-----------------------| 19 |
|   | 0 | 0 | 0 | 3 | 2 | 0 |   |
---------------------------------

Player 1's turn
---------------------------------
|   | 0 | 0 | 0 | 0 | 2 | 0 |   |
| 21 |-----------------------| 23 |
|   | 0 | 0 | 0 | 0 | 2 | 0 |   |
---------------------------------

Player 2's turn
---------------------------------
|   | 0 | 0 | 0 | 0 | 2 | 0 |   |
| 23 |-----------------------| 23 |
|   | 0 | 0 | 0 | 0 | 0 | 0 |   |
---------------------------------

